



8 8888          8 8888888888    8 8888888888                       8 8888  8 8888  b.             8          8 8888     ,88'  `8.`8888.      ,8'  8 8888      88  b.             8
8 8888          8 8888          8 8888                             8 8888  8 8888  888o.          8          8 8888    ,88'    `8.`8888.    ,8'   8 8888      88  888o.          8
8 8888          8 8888          8 8888                             8 8888  8 8888  Y88888o.       8          8 8888   ,88'      `8.`8888.  ,8'    8 8888      88  Y88888o.       8
8 8888          8 8888          8 8888                             8 8888  8 8888  .`Y888888o.    8          8 8888  ,88'        `8.`8888.,8'     8 8888      88  .`Y888888o.    8
8 8888          8 888888888888  8 888888888888                     8 8888  8 8888  8o. `Y888888o. 8          8 8888 ,88'          `8.`88888'      8 8888      88  8o. `Y888888o. 8
8 8888          8 8888          8 8888                             8 8888  8 8888  8`Y8o. `Y88888o8          8 8888 88'            `8. 8888       8 8888      88  8`Y8o. `Y88888o8
8 8888          8 8888          8 8888                  88.        8 8888  8 8888  8   `Y8o. `Y8888          8 888888<              `8 8888       8 8888      88  8   `Y8o. `Y8888
8 8888          8 8888          8 8888                  `88.       8 888'  8 8888  8      `Y8o. `Y8          8 8888 `Y8.             8 8888       ` 8888     ,8P  8      `Y8o. `Y8
8 8888          8 8888          8 8888                    `88o.    8 88'   8 8888  8         `Y8o.`          8 8888   `Y8.           8 8888         8888   ,d8P   8         `Y8o.`
8 888888888888  8 888888888888  8 888888888888              `Y888888 '     8 8888  8            `Yo          8 8888     `Y8.         8 8888          `Y88888P'    8            `Yo


    :: project.base :: (v1.0-SNAPSHOT 20201026_1535 #0)
